rezultat = [24.2957 25.6477;24.1216 34.678;]
