rezultat = [23.0243 25.422;22.7661 26.5979;24.2957 25.6477;24.1216 34.678;32.1943 24.3497;31.8357 24.4181;]
