rezultat = [13.7313 7.49977;14.2064 2.01593;14.2064 2.01593;14.2212 1.84455;14.2212 1.84455;14.3503 0.354234;14.3503 0.354234;14.3357 0.290814;14.3357 0.290814;7.16002 -0.295814;7.16002 -0.295814;7.08085 -0.302286;7.08085 -0.302286;4.24119 -0.534434;4.24119 -0.534434;4.16196 1.25769;4.16196 1.25769;4.06995 1.28043;4.06995 1.28043;3.85838 3.80353;3.85838 3.80353;3.83499 4.08244;3.83499 4.08244;3.62615 6.57296;3.62615 6.57296;5.37344 6.56861;5.37344 6.56861;5.38014 6.81422;5.38014 6.81422;5.38257 6.89435;5.38257 6.89435;5.37344 6.56861;5.37344 6.56861;5.38902 6.48669;5.38902 6.48669;7.11635 6.61942;7.11635 6.61942;7.10401 6.87297;7.10401 6.87297;7.1272 6.87508;7.1272 6.87508;8.85952 6.75337;8.85952 6.75337;8.99021 7.19592;8.99021 7.19592;9.31205 7.22282;9.31205 7.22282;9.91646 7.27334;9.91646 7.27334;10.2276 7.29935;10.2276 7.29935;10.2366 7.15755;10.2366 7.15755;10.2844 7.16189;10.2844 7.16189;10.3278 6.86574;10.3278 6.86574;10.572 6.91713;10.572 6.91713;10.9334 7.35834;10.9334 7.35834;11.9657 7.44464;11.9657 7.44464;11.9641 7.42837;11.9641 7.42837;12.0578 7.03784;12.0578 7.03784;12.819 7.38988;12.819 7.38988;13.4304 7.51852;13.4304 7.51852;13.7313 7.49977;13.7313 7.49977;13.7313 7.49977;]
