rezultat = [7.58525 0.489546;6.86424 0.531351;6.74257 0.298768;6.77376 0.306973;0.222647 0.455259;0.196532 0.494639;8.82909 7.39239;8.63491 7.40333;8.28652 7.42298;7.77014 7.4521;4.33848 6.11402;3.96909 6.07796;3.00883 7.01005;2.9955 7.39182;1.64 3.18788;1.64 3.21591;5.05481 0.446131;5.09576 0.458881;0.188875 0.749649;0.148066 0.767047;8.50411 1.37572;8.19416 1.693;3.90028 6.17895;3.87882 6.56938;10.2769 5.39385;9.34647 5.48732;4.25382 5.99894;3.96932 6.02752;7.49639 1.35997;7.47603 1.45452;7.38028 1.89902;7.35795 2.00269;1.47174 3.06632;1.48225 3.11468;1.24244 2.01074;1.25523 2.06961;11.0212 6.45573;10.8689 6.76977;1.34101 3.01529;1.332 3.01286;0.673377 2.64214;0.661216 2.65491;0.817632 2.4906;0.796682 2.51261;1.22701 2.06055;1.21661 2.07148;8.34231 1.42579;8.4486 1.47741;6.65543 0.606446;6.71401 0.6349;11.8509 5.62286;11.8411 6.49519;8.76161 1.8079;8.24644 1.82602;7.7002 0.705989;7.8434 0.854081;1.18887 2.59775;1.069 2.60109;9.51946 2.36582;9.37098 2.36995;2.59367 4.69434;2.4222 4.61026;1.73825 3.13582;1.66036 3.00368;2.63304 4.6539;2.51326 4.45068;3.79135 6.61904;3.75744 6.56152;1.41022 2.5793;1.38755 2.54084;1.09301 2.04113;1.00319 1.88876;9.11654 0.503206;9.09648 0.530403;8.62109 1.17497;8.60563 1.19594;8.49586 1.34478;8.42659 1.4387;8.22031 1.71839;8.16631 1.79161;10.3411 2.03506;10.3411 2.06829;10.3409 6.676;10.3409 7.3399;10.3411 1.19936;10.341 5.37478;10.3411 0.367207;10.3411 0.694651;10.3411 0.863882;10.3411 1.01294;0.614093 7.13779;0.274177 6.42999;0.724107 2.81264;0.698208 2.81667;8.79474 1.55564;8.17277 1.65252;9.5141 1.4436;9.31597 1.47446;7.66037 1.78507;7.34864 1.78242;9.0088 1.79653;8.31119 1.7906;9.29721 1.79898;9.10244 1.79732;0.701235 7.28933;0.659375 7.21276;7.64621 1.99452;7.40244 2.03162;9.49329 1.60586;9.45057 1.61414;2.5431 4.71406;2.37067 4.51242;0.188403 1.75605;0.195531 2.28237;0.184014 1.432;0.186245 1.59669;0.25532 6.69667;0.263547 7.30408;0.243074 5.79256;0.246581 6.05145;0.204223 2.92408;0.209055 3.28083;0.170971 0.469043;0.202918 2.82776;0.210854 3.41364;0.25059 6.34747;1.89131 0.523467;1.31174 0.538645;4.84347 0.446155;3.59533 0.478842;5.39474 0.431718;5.16674 0.437689;7.5929 0.374152;6.84221 0.393811;7.73272 0.37049;7.68279 0.371798;5.35369 0.502492;5.3562 0.518809;0.16864 5.48201;0.168534 5.52707;0.169726 5.01908;0.169521 5.10665;0.180204 0.556313;0.17926 0.95859;0.174648 2.9229;0.174173 3.12527;3.06247 6.79679;1.74967 6.76293;4.35714 6.11646;4.01012 6.0497;3.4386 7.42434;3.06038 7.42784;1.642 7.44097;0.262917 7.45373;10.3018 7.36082;3.61264 7.42273;3.00092 7.01023;3.01776 7.39105;10.3281 1.2633;10.377 5.29882;10.3171 0.357939;10.3213 0.70864;10.3241 0.933403;10.3252 1.02899;2.47631 4.08224;2.44723 4.04901;0.958526 2.34774;0.940826 2.32752;1.68146 3.1739;1.48026 2.94397;4.39673 6.27685;4.36186 6.23701;1.27004 2.70374;1.13965 2.55473;4.31688 6.12776;4.42661 6.90595;2.30513 4.19864;2.27807 4.15955;1.62791 3.22038;1.50825 3.04754;1.27629 2.71247;1.22028 2.63155;2.60493 4.63171;2.55157 4.55463;7.63078 0.447502;7.76997 0.466478;9.07894 0.644923;9.32532 0.67851;10.0323 0.774895;10.1151 0.786171;6.73082 0.348083;6.01488 0.342928;5.04212 0.335923;4.91092 0.334978;2.94126 0.320794;2.90487 0.320532;0.8772 0.305931;0.311033 0.301854;1.39218 0.309639;1.35832 0.309396;3.27325 0.323185;2.01255 0.314107;7.69064 0.354995;5.42617 0.338688;10.0841 0.37223;9.73518 0.369718;1.92436 0.361259;1.89276 0.441883;1.27087 2.0283;1.25438 2.07037;8.83207 0.435667;8.62645 0.435668;3.1309 0.435708;2.95902 0.435709;1.28845 0.435722;1.00126 0.435724;2.83513 0.43571;1.64936 0.435719;4.85415 0.435696;3.27535 0.435707;5.40967 0.435692;5.05406 0.435694;0.494995 0.435727;0.289857 0.435729;7.73981 0.435674;6.78396 0.435681;9.13058 0.435664;9.10741 0.435664;9.91924 0.435659;9.73298 0.43566;]
