rezultat = [-2.53221 -3.68674;-2.22674 -5.12922;-2.22674 -5.12922;-1.77227 -5.15036;-1.77227 -5.15036;-1.27879 -5.12919;-1.27879 -5.12919;-1.19406 -5.12138;-1.19406 -5.12138;-0.350147 -9.66547;-0.350147 -9.66547;2.38266 -9.21583;2.38266 -9.21583;2.70004 -9.11691;2.70004 -9.11691;2.83305 -9.25056;2.83305 -9.25056;3.28829 -9.02923;3.28069 -9.01365;3.28829 -9.02923;3.28069 -9.01365;3.36126 -8.99007;3.36126 -8.99007;3.49631 -8.86871;3.49631 -8.86871;4.87281 -8.43966;4.87281 -8.43966;1.12355 -1.91313;1.12355 -1.91313;0.762838 1.70123;0.762838 1.70123;0.772796 1.73574;0.772796 1.73574;0.769589 1.76993;0.769589 1.76993;0.599962 1.46918;0.599962 1.46918;-0.262079 1.40934;-0.262079 1.40934;-0.508232 1.39226;-0.508232 1.39226;-0.949165 1.36165;-0.949165 1.36165;-2.53221 -3.68674;]
