rezultat = [30.7467 15.1792;29.9565 14.9047;38.2376 14.5222;38.0434 16.2027;38.1171 16.2958;38.1375 16.6364;37.9763 16.7832;37.9669 16.8645;37.8957 16.9386;37.9026 17.0238;37.9381 17.1131;37.9282 17.199;38.3289 17.4525;38.1374 18.214;38.1261 18.3035;37.5545 19.7649;37.1596 19.7803;32.8409 18.6673;32.6946 18.6331;32.463 19.1679;32.28 19.0416;32.028 19.1158;32.2554 19.5736;30.7519 19.2259;27.0631 15.2721;26.9054 15.685;27.117 15.0171;27.1061 15.0447;27.178 14.971;27.1511 15.0416;27.1688 14.9279;27.1599 14.9514;27.4593 14.2343;27.2137 14.8776;29.0819 14.6413;29.0675 14.6364;29.2912 14.7132;29.2738 14.7073;]
