rezultat = [-0.223615 6.39406;-0.771378 7.14989;0.123954 6.6382;-0.223615 6.39406;0.181085 6.67193;0.123954 6.6382;5.99797 -1.66026;0.181085 6.67193;5.99797 -1.66026;6.00465 -1.65893;5.71776 -1.87011;6.00465 -1.65893;5.79662 -1.97722;5.71776 -1.87011;5.79662 -1.97722;5.78729 -1.97299;5.25353 -2.38755;5.78729 -1.97299;7.28441 -3.81741;5.25353 -2.38755;8.15009 -4.87048;7.28441 -3.81741;8.15009 -4.87048;4.73082 -2.79352;3.99287 -3.36667;4.73082 -2.79352;3.99287 -3.36667;3.9545 -3.15027;3.94183 -3.14469;3.9545 -3.15027;3.93083 -3.13985;3.94183 -3.14469;0.644257 -5.44333;3.93083 -3.13985;0.51422 -5.53447;0.644257 -5.44333;-0.00613207 -5.89917;0.51422 -5.53447;-0.0959019 -5.77096;-0.00613207 -5.89917;-0.479054 -5.22251;-0.0959019 -5.77096;-0.649956 -5.34708;-0.479054 -5.22251;-0.975075 -4.58502;-0.649956 -5.34708;-1.40898 -4.77998;-0.975075 -4.58502;-1.49527 -4.64074;-1.40898 -4.77998;-1.51935 -4.71158;-1.49527 -4.64074;-1.68723 -4.47939;-1.51935 -4.71158;-1.68723 -4.47939;-1.63801 -4.41039;-1.78614 -4.34259;-1.63801 -4.41039;-1.99493 -4.05382;-1.78614 -4.34259;-1.99493 -4.05382;-1.98026 -4.02624;-2.02325 -4.04325;-1.98026 -4.02624;-2.15742 -3.67157;-2.02325 -4.04325;-2.26259 -3.52932;-2.15742 -3.67157;-2.26596 -3.35771;-2.26259 -3.52932;-2.32592 -3.36328;-2.26596 -3.35771;-2.93462 -2.53839;-2.32592 -3.36328;-2.98177 -2.55656;-2.93462 -2.53839;-3.49699 -1.85968;-2.98177 -2.55656;-3.4803 -1.79892;-3.49699 -1.85968;-3.99135 -1.10637;-3.4803 -1.79892;-3.99135 -1.10637;-4.02827 -1.14109;-4.37598 -0.670773;-4.02827 -1.14109;-4.50392 -0.497724;-4.37598 -0.670773;-4.60694 -0.358385;-4.50392 -0.497724;-4.58778 -0.298125;-4.60694 -0.358385;-4.58977 -0.295418;-4.58778 -0.298125;-5.03858 0.31278;-4.58977 -0.295418;-6.05901 1.86919;-5.03858 0.31278;-6.04099 1.88262;-6.05901 1.86919;-6.62803 2.69044;-6.04099 1.88262;-6.71306 2.86677;-6.62803 2.69044;-0.770562 7.15633;-6.71306 2.86677;-0.770562 7.15633;-0.771378 7.14989;]
