rezultat = [32.1943 24.3497;29.4737 24.8684;28.1418 17.5786;26.8686 24.9969;28.9604 13.7904;32.1847 17.9852;]
