rezultat = [-1.50075 -0.0274559;-2.14816 -0.557221;-0.758439 0.530579;-0.770258 0.520974;-0.92776 0.392981;-0.942032 0.381382;-9.40737 -2.51915;-8.64642 -4.03014;-8.38358 -4.55203;-8.34677 -4.62513;-8.23423 -4.8486;-8.19533 -4.92584;-8.00089 -6.03101;-6.96112 -7.20626;-8.48426 -5.30176;-8.04234 -5.9508;-2.05177 -5.20236;-0.759908 -4.35825;1.63248 0.290352;1.3423 0.623754;1.18031 0.809878;1.13069 0.866891;1.06509 0.942266;0.613008 1.4617;-2.78796 -4.47058;-2.38633 -4.89288;-8.25443 -4.67014;-8.23159 -4.75251;-6.58506 -7.08477;-2.91348 -4.55305;1.14097 0.89155;1.12453 0.910534;1.05843 0.986844;1.04998 0.996601;-8.68364 -4.14286;-8.58548 -4.46968;]
