rezultat = [10.3522 7.32473;8.82434 7.40433;11.2065 5.58524;9.34976 5.63186;10.3483 6.65319;10.3557 7.2934;0.201319 4.01314;0.167221 5.39618;0.218408 3.31999;0.209757 3.67088;0.226692 2.98396;0.22446 3.07452;12.9934 5.26445;11.9612 5.28982;14.5547 5.22608;14.0395 5.23874;15.4998 5.20285;15.451 5.20405;7.66114 1.96422;7.35824 2.02031;8.6948 1.77281;8.22531 1.85975;9.46652 1.62991;9.36572 1.64857;0.374345 1.70483;0.325102 1.77676;1.16357 0.552055;0.522231 1.48882;4.34176 6.14159;4.44995 6.71537;4.84198 0.342534;3.34216 0.351001;5.37381 0.339532;5.18153 0.340617;6.69067 0.332098;5.45472 0.339075;3.05975 0.352596;1.64433 0.360586;9.28229 1.57306;8.91727 1.54834;9.76712 0.178953;10.178 0.207338;15.4634 5.04293;15.4675 5.10312;15.4792 5.2738;15.4874 5.39278;15.5076 5.68648;15.5116 5.74466;7.49127 0.506255;7.84292 0.859603;8.76718 1.78835;8.81066 1.83203;]
