rezultat = [28.3341 33.9734;28.2472 33.9969;29.6258 33.2466;28.3341 33.9734;29.9792 32.705;29.6258 33.2466;29.512 31.483;29.9792 32.705;29.5395 31.1048;29.512 31.483;28.4757 28.8196;29.5395 31.1048;28.3465 28.5503;28.4757 28.8196;26.7167 26.1252;28.3465 28.5503;26.7167 26.1252;26.6513 26.09;26.1449 25.4629;26.6513 26.09;23.6658 23.3927;23.635 23.3638;23.635 23.3638;23.5882 23.3569;23.4691 23.0836;23.5882 23.3569;23.46 22.5558;23.2722 22.6318;32.6163 26.6377;30.723 25.32;32.7713 26.7235;32.6163 26.6377;33.2383 25.6607;32.7713 26.7235;33.2825 25.632;33.2383 25.6607;33.5227 24.4574;33.2825 25.632;33.5052 24.4095;33.5227 24.4574;33.2799 23.785;33.5052 24.4095;33.2799 23.785;32.6813 23.4955;32.6177 23.3682;32.6813 23.4955;32.5927 23.3257;32.6177 23.3682;32.7664 22.9618;32.5927 23.3257;32.9903 22.9518;32.7664 22.9618;33.2719 22.0095;32.9903 22.9518;33.2671 21.9634;33.2719 22.0095;34.8441 19.4208;33.2671 21.9634;37.1596 19.7803;35.0385 19.2337;37.3845 19.7715;37.1596 19.7803;39.0087 22.6997;38.3474 22.923;39.0984 22.6842;39.0087 22.6997;40.5876 21.9595;39.0984 22.6842;40.5549 21.8824;40.5876 21.9595;41.8709 21.4155;40.5549 21.8824;41.3433 18.3458;40.8842 18.9795;42.3131 18.0696;42.4092 18.2744;42.4092 18.2744;42.4711 18.4065;42.4711 18.4065;42.8006 19.1087;42.8006 19.1087;43.2528 20.0725;43.4447 20.1519;43.2528 20.0725;43.7027 20.117;43.4447 20.1519;43.795 20.1506;43.7027 20.117;45.5218 19.9125;43.795 20.1506;45.6023 19.8601;45.5218 19.9125;45.7742 19.8368;45.6023 19.8601;45.8574 19.8052;45.7742 19.8368;46.0257 19.759;45.8574 19.8052;45.881 18.1233;45.8403 18.5329;47.2484 17.3061;46.4427 17.5875;47.3634 17.3282;47.2484 17.3061;47.0257 17.9589;47.4942 18.1666;47.4756 18.6791;47.4971 18.7118;48.0773 19.9292;47.5037 19.9538;48.0773 19.9292;48.176 20.3872;48.1393 21.1895;48.1178 21.2126;49.0832 23.4529;48.0367 23.4361;49.1733 23.4624;49.0832 23.4529;50.816 23.251;49.1733 23.4624;49.9228 17.7404;49.7908 18.249;50.2788 17.1728;50.0326 17.0983;50.368 17.1815;50.2788 17.1728;50.7124 17.237;50.368 17.1815;51.057 17.2926;50.7124 17.237;51.1432 17.3064;51.057 17.2926;52.5345 14.8162;52.5172 15.1633;52.5782 14.7311;52.5345 14.8162;52.64 13.2502;52.5782 14.7311;52.6183 13.1666;52.64 13.2502;56.3706 13.6061;56.0682 13.5355;56.4356 13.59;56.3706 13.6061;56.4245 13.5151;56.4356 13.59;56.4376 13.471;56.4245 13.5151;56.3319 12.752;56.4376 13.471;56.3658 12.7283;56.3319 12.752;56.3612 12.6948;56.3658 12.7283;56.3155 12.6404;56.3612 12.6948;56.2838 12.4241;56.3155 12.6404;56.2422 11.0875;57.261 12.2309;56.2422 11.0875;56.1416 11.0978;54.8712 1.85683;56.1416 11.0978;54.6811 1.13237;54.8712 1.85683;54.6811 1.13237;53.3732 1.11191;53.3732 1.11191;53.2857 1.12805;53.2857 1.12805;52.7641 1.17235;52.7641 1.17235;52.6775 1.18416;52.6775 1.18416;52.5044 1.20649;52.6474 3.68487;52.2608 3.76139;51.903 4.60936;52.4626 4.72015;51.8658 4.20004;51.903 4.60936;51.0549 3.72564;51.8658 4.20004;51.0549 3.72564;51.0094 3.78154;50.6156 3.58095;51.0094 3.78154;50.5604 3.43637;50.6156 3.58095;50.5022 3.40232;50.5604 3.43637;50.5854 2.71277;50.5557 3.2726;50.5819 2.52237;50.5854 2.71277;50.0964 2.48449;50.5819 2.52237;47.5024 1.15493;50.3057 1.67589;47.5024 1.15493;47.4634 1.42487;47.4634 1.42487;47.4365 1.63201;47.4365 1.63201;47.3864 1.68835;46.8964 1.56723;47.3864 1.68835;43.8546 4.72582;43.7973 5.44492;43.7973 5.44492;43.7817 5.5194;43.7817 5.5194;43.7045 6.69716;43.7045 6.69716;43.6802 6.73724;43.6634 6.70056;43.6802 6.73724;43.6803 6.60737;43.6634 6.70056;43.147 5.4565;43.6803 6.60737;43.0644 5.39198;43.147 5.4565;42.9734 5.19321;43.0644 5.39198;42.3517 -0.546995;41.7414 -0.523525;41.65 -0.54072;41.7414 -0.523525;41.65 -0.54072;39.8461 -0.232316;40.0275 0.683699;38.6119 1.27302;38.6119 1.27302;38.4685 1.38048;38.4685 1.38048;38.3923 1.42295;38.2633 7.65935;38.7757 8.30586;38.2633 7.65935;38.0032 7.66326;38.0032 7.66326;37.7459 7.79194;37.7459 7.79194;37.5808 7.82989;37.5808 7.82989;37.5359 7.85819;37.1436 5.12911;37.3859 5.51595;37.1436 5.12911;37.0708 5.15126;36.5352 4.33922;37.0708 5.15126;36.3455 3.85489;36.5352 4.33922;35.9755 3.26421;36.3455 3.85489;35.8562 3.19067;35.9755 3.26421;35.4537 2.54706;35.8562 3.19067;35.4537 2.54706;35.3646 2.55695;35.3646 2.55695;34.1988 2.91974;35.5203 6.83729;35.3986 6.94213;35.3986 6.94213;35.3686 6.99014;35.3686 6.99014;34.528 7.60357;33.9802 7.18505;34.528 7.60357;33.9802 7.18505;33.9182 7.19125;33.9182 7.19125;33.8481 7.26752;31.5539 4.42911;31.1516 4.76413;31.1516 4.76413;30.9308 4.97629;30.6606 4.55578;29.4169 5.36197;29.4169 5.36197;29.3615 5.43652;29.3615 5.43652;29.2155 5.53069;31.5754 10.0501;31.1386 10.3237;29.7097 11.8021;28.7525 12.2441;24.8021 8.5792;24.1195 9.37276;24.1195 9.37276;24.0772 9.45123;24.0772 9.45123;23.9643 9.58387;23.9643 9.58387;23.944 9.67395;23.944 9.67395;23.8558 9.92974;23.8558 9.92974;23.776 9.982;23.776 9.982;23.6212 10.0885;23.6212 10.0885;23.5726 10.1629;23.5726 10.1629;23.5336 10.2406;23.5336 10.2406;23.4672 10.3045;23.4672 10.3045;22.7621 11.7064;22.7621 11.7064;22.7504 11.7978;22.7504 11.7978;22.7114 11.8755;22.7114 11.8755;22.6323 12.0347;22.6323 12.0347;22.1912 13.6311;22.1912 13.6311;22.1546 13.8066;22.1546 13.8066;22.0126 15.6311;24.0864 15.6213;23.9745 15.7305;23.9745 15.7305;23.9111 15.7396;23.9111 15.7396;23.8205 15.8048;23.8205 15.8048;23.7837 15.8565;23.7837 15.8565;21.6134 17.1487;18.3444 12.6176;17.9936 12.8767;17.9936 12.8767;17.783 13.0322;17.783 13.0322;17.5024 13.2394;17.5024 13.2394;17.4395 13.3009;17.4395 13.3009;17.3066 13.4141;17.3066 13.4141;17.2664 13.5022;17.2664 13.5022;17.77 14.4252;20.8771 17.8205;20.8143 17.8641;20.8143 17.8641;20.2211 18.2766;20.2211 18.2766;20.1249 18.3435;21.2099 19.1362;22.1848 20.14;22.1848 20.14;22.0374 20.3101;22.0374 20.3101;21.7145 20.3682;21.7145 20.3682;21.6543 20.429;21.6543 20.429;21.5811 20.4842;21.5811 20.4842;21.4071 20.7036;21.4071 20.7036;20.7674 20.9644;20.7674 20.9644;20.311 21.1505;20.311 21.1505;19.7275 21.3884;18.0248 20.1933;18.2576 20.7668;19.263 21.5777;18.0141 22.0869;14.933 20.8535;14.6436 21.5834;14.6436 21.5834;14.5907 21.6608;14.5907 21.6608;14.147 23.5256;14.147 23.5256;14.1173 24.1356;14.1173 24.1356;14.7585 25.2484;16.0203 25.4133;18.5188 29.9306;21.8048 27.2357;20.9566 27.9112;21.9336 27.0904;21.8048 27.2357;24.3594 25.6249;21.9336 27.0904;28.2472 33.9969;27.7657 34.2024;47.338 16.8111;47.4541 17.1586;47.4863 16.6839;47.338 16.8111;47.4863 16.6839;47.4885 17.0944;47.4885 17.0944;47.4541 17.1586;32.3339 13.9986;32.3464 14.0487;32.2448 13.8532;32.3339 13.9986;32.6285 13.5689;32.6301 13.8121;32.6301 13.8121;32.6325 13.8994;32.6325 13.8994;32.6332 13.9135;32.6332 13.9135;32.5322 13.9671;32.5322 13.9671;32.4554 14.0078;32.4554 14.0078;32.429 14.0053;32.429 14.0053;32.3464 14.0487;45.8518 11.5368;45.7707 11.5314;45.8518 11.5368;45.7519 12.0631;]
