rezultat = [32.1847 17.9852;32.3945 19.4447;31.9751 19.621;31.5045 19.771;31.4222 19.7929;32.1943 24.3497;29.4737 24.8684;29.1417 24.8848;29.0628 25.056;28.5592 25.005;28.561 24.9877;28.4772 24.9933;28.3086 24.9259;26.8686 24.9969;27.2362 14.061;28.1418 17.5786;27.2062 13.9988;27.2149 14.032;28.2989 13.9822;27.469 14.2228;28.9604 13.7904;28.5359 13.9135;]
