rezultat = [-4.67808 -0.00109717;-5.53635 -4.80206;-3.75545 5.15988;-3.89143 4.39924;-3.96844 3.96846;-3.9789 3.90998;-4.04859 3.52016;-4.0587 3.46358;-4.12234 3.10762;-4.13278 3.04921;-4.1917 2.71962;-4.26416 2.31426;-4.31733 2.01687;-4.38461 1.64053;-4.43563 1.3551;-4.44291 1.31437;-4.49244 1.03734;-4.50666 0.957801;-4.57016 0.602576;-4.61302 0.362829;-5.49953 -4.87866;0.10435 -5.86104;0.257402 -5.88787;1.29494 -6.06976;3.04723 3.96985;2.86552 4.0015;1.94203 4.16234;0.0367765 4.49417;-0.396156 4.56957;-0.445274 4.57813;-0.736091 4.62878;-0.777181 4.63593;-1.46146 4.75511;-1.50784 4.76319;-1.74074 4.80375;-2.05844 4.85909;-2.27708 4.89716;-2.33918 4.90798;-2.76128 4.9815;-3.02448 5.02734;-3.29113 5.07378;-3.67144 5.14001;2.46608 -2.59911;2.70454 -1.63711;2.9036 -0.834108;2.92933 -0.730302;2.94851 -0.652926;2.96738 -0.576812;2.98691 -0.498025;3.02362 -0.349902;3.05225 -0.234428;3.09843 -0.0481314;3.11793 0.0305449;3.13138 0.0848289;3.1524 0.169626;3.16692 0.228188;3.38544 1.10973;3.42448 1.26723;-0.35816 8.19584;-0.500777 8.19857;-0.862482 8.2055;-1.22769 8.2125;-1.4494 8.21675;-2.43901 8.23571;-2.76042 8.24187;-2.92154 8.24496;-3.67933 8.25948;-3.76573 8.26114;-4.03092 8.26622;-4.48787 8.27498;1.69147 -6.09539;1.77528 -5.63264;2.00044 -4.38937;2.16848 -3.46157;2.30986 -2.68093;2.34037 -2.51244;2.099 -2.68867;2.10164 -2.67988;2.62112 -0.952975;2.66288 -0.814167;2.98916 0.270483;2.99653 0.294998;3.3474 1.46139;3.48837 1.93003;1.5726 -4.54725;1.60474 -4.35792;1.84906 -2.91866;1.89622 -2.64084;2.13627 -1.22674;2.17666 -0.988785;3.43373 1.96403;3.32378 2.01677;3.17643 2.08744;2.74545 2.29413;2.80218 -0.882455;2.8145 -0.833636;3.01835 -0.0258576;3.02559 0.00282163;3.05214 0.108032;3.06011 0.139591;3.35088 1.2918;3.39081 1.45004;3.35214 3.12457;3.47085 3.85171;2.44298 0.501362;2.49526 0.793568;3.10497 -0.290534;3.09817 -0.275299;2.84108 0.30076;2.77326 0.452715;3.41533 3.86372;3.0968 3.96791;1.67798 -4.38469;2.00033 -4.39043;2.16749 -0.945524;2.60473 -0.947326;1.34513 -6.07097;1.68589 -6.12387;1.95843 -2.65238;2.23496 -2.67505;]
