% close all
metric=0.001;
origin1=[920 1099]*metric;
width=53835;
height= 16320;
metric=0.001;
origin=[width/2 height/2]*metric;
ma=[43464 4021 43821 4021
43942 5165 43942 6090
43942 6090 45004 6089
45004 6089 45005 6585
45009 7619 45009 8751
43655 8004 42610 8005
46148 7619 45009 7619
50188 6993 50189 7941
50189 7941 47162 7942
45121 5838 45429 5838
45429 5531 45865 5530
47030 5520 47767 5520
47767 5518 48507 5518
47162 7942 47163 8415
47163 8415 45124 8416
45100 1334 46538 1333
49333 4858 50263 4857
50173 5689 50173 6028
50173 6028 53835 6026
49278 3354 50166 3353
53835 6026 53835 6896
50277 6992 49226 6992
50263 4571 51054 4571
53763 6896 53763 7736
52340 7670 50544 7671
50544 7671 50544 8399
53040 7619 52618 7620
52618 7620 52619 8389
53763 7736 53328 7737
53328 7737 53329 8375
53329 8375 53041 8375
53041 8375 53040 7619
52341 8389 52340 7670
50277 8399 50277 6992
45121 6585 45121 5838
45102 5526 45100 1334
46861 1321 48378 1321
48715 1316 49411 1316
53285 3612 53285 4393
53739 4688 53739 5936
52149 6052 50987 6052
50987 5940 50272 5940
53737 2063 53738 3612
52093 3441 52772 3440
52130 4566 52755 4566
52149 5726 52149 5938
51054 4571 51054 4171
50693 1296 51895 1295
52460 1295 53731 1294
53446 4392 53447 4689
52715 5731 52715 5937
52149 5938 52059 5938
50249 3502 51048 3502
53739 5936 52735 5936
51048 3502 51048 2594
50250 4171 50249 3502
52450 1420 52450 2086
53731 1294 53731 2050
50251 1959 51045 1959
51918 1422 52335 1422
50731 3015 51044 3014
51045 1959 51045 1507
50251 2594 50251 1959
51940 1099 51940 1422
52772 3437 52093 3437
52755 4563 52130 4563
51048 2594 50251 2594
53738 3612 53285 3612
51054 4171 50169 4171
53563 2076 53737 2076
52460 2086 52460 1295
52715 5937 52156 5938
50272 5940 50272 5689
53285 4393 53446 4392
53447 4689 53739 4688
52735 5936 52735 5731
52156 5938 52156 5726
50263 4857 50263 4571
48507 5515 47030 5515
45865 5526 45102 5526
49272 1974 50162 1973
49278 2872 49278 3354
50166 3353 50166 4176
50162 1973 50162 2872
46538 1475 46873 1474
49272 1401 49272 1974
48377 1439 48691 1439
48376 1139 48377 1439
50162 2872 49278 2872
48738 1124 48738 1316
50170 4884 49333 4885
46873 1474 46873 1235
50169 4275 50170 4884
49965 4175 49965 4275
45429 5838 45429 5531
45124 8416 45123 7607
41024 6094 43114 6093
45123 7607 46148 7606
43655 8448 43655 8004
44117 9562 43285 9562
43817 8758 43817 8448
42516 8468 42516 7804
41387 8001 37589 8002
41388 8463 41387 8001
42402 4029 42781 4028
42702 6004 42701 5565
41840 5566 41839 4455
41501 4456 41500 2713
44491 1915 44493 6001
42781 4028 42780 3321
42838 3321 42838 2588
41474 1504 42984 1504
43463 2579 43464 4021
42701 5565 41840 5566
43155 1224 44847 1224
41474 2301 41474 1504
44847 1224 44847 1471
44983 1519 44983 1915
43925 2579 43463 2579
43325 1504 43325 1224
44847 1471 44983 1519
44983 1915 44491 1915
44493 6001 43932 6001
42838 2588 42415 2588
42195 2712 42195 2301
42195 2301 41474 2301
42984 1504 42984 1229
43114 6004 42702 6004
43821 4021 43821 3305
43925 3305 43925 2579
43932 6001 43932 5165
41500 2713 42195 2712
42402 3397 42402 4029
42415 2588 42415 3397
40173 6036 40173 5376
39159 6092 40173 6092
40240 13601 40239 11199
41551 8760 41551 8463
41551 8463 41388 8463
40305 5376 40305 4567
40305 4567 40594 4567
41413 1572 41415 5987
39895 1453 41127 1452
40594 4567 40594 4184
39851 3526 40589 3525
40589 3525 40589 3129
39845 2252 40622 2252
39851 4184 39851 3526
39845 3129 39845 2252
40622 2252 40622 1805
41127 1452 41127 1572
40589 3129 39865 3129
40594 4184 39885 4184
41415 5987 41023 5987
42543 7804 42543 8759
42641 8759 42642 9683
37726 6111 37725 3453
35449 6091 36628 6091
37779 6086 38130 6086
37725 3453 39507 3452
36447 8455 36447 7995
36447 7995 28737 7999
36628 6075 36628 5657
39885 4184 39886 6037
38130 6110 37726 6111
40205 6110 39159 6110
36325 4945 36324 2945
36799 8455 36447 8455
36471 5371 36471 4945
37778 3158 37779 6086
36326 1327 37770 1327
36338 5657 36337 5371
36555 2945 36555 2143
36324 2945 36555 2945
37773 2531 39186 2530
37773 2208 37773 2531
36327 2143 36326 1327
37770 1559 38048 1559
39186 2530 39186 2796
39522 2796 39522 3482
39514 3482 37834 3482
39186 2796 39522 2796
37834 3482 37833 3158
37020 6070 36628 6070
37770 1327 37770 1559
38048 1205 39519 1204
39519 1204 39519 2403
38345 2207 37773 2208
39519 2403 38345 2403
38048 1559 38048 1205
36628 5657 36338 5657
36471 4945 36325 4945
37733 8287 37733 9098
34623 6087 34622 5272
33243 6088 34623 6087
34545 5272 34544 3848
35610 4457 35611 5435
35611 5435 36116 5435
36116 5435 36116 5984
35589 2048 35590 3854
35590 3854 36119 3854
34821 1440 35490 1440
34544 3848 34728 3848
34546 3721 34545 1451
36119 3854 36120 4457
35490 1440 35490 2049
34914 1677 34914 1440
36120 4457 35610 4457
34728 3721 34546 3721
34728 3848 34728 3721
36116 5984 35449 5984
29152 6084 32300 6082
31506 5978 31505 2195
32017 3626 33218 3626
33606 4018 33606 5649
33243 5649 33243 6088
33980 2475 33981 4018
33176 1210 33810 1210
33783 2475 33980 2475
33981 4018 33606 4018
33218 3626 33217 3142
32443 2472 33212 2471
32443 3142 32443 2472
33212 2471 33212 1948
33783 2076 33783 2475
33810 1516 34110 1516
32981 1509 33176 1509
33217 3142 32443 3142
33606 5649 33243 5649
32300 5978 31506 5978
31379 1463 32179 1463
32016 2546 32017 3626
28731 7999 28731 7525
24777 6072 28324 6070
28324 6070 28324 5137
22438 7974 22438 7068
27501 7972 22438 7974
27501 8444 27501 7972
27911 5965 27910 1891
28583 2690 29014 2689
27311 1341 29059 1340
29508 2692 30248 2691
30141 3823 30766 3823
30929 1431 30930 5036
29649 5508 29649 5973
29567 3962 29568 4582
30970 4529 30971 5681
29507 2098 29508 2692
30141 3392 30141 3823
29324 1337 30842 1337
28583 2099 28583 2690
29059 1340 29059 1539
27563 1543 27563 1340
29059 1539 29324 1539
29013 2099 28583 2099
29953 2097 29507 2098
30921 5508 29649 5508
30764 2166 30047 2166
29649 5973 29152 5973
30842 1337 30842 1431
30248 2425 29953 2425
29953 2425 29953 2130
29014 2689 29013 2099
27480 1891 27480 1340
29324 1539 29324 1337
27910 1891 27480 1891
28369 5964 27911 5965
30764 3391 30141 3392
30047 2162 30764 2162
30248 2691 30248 2425
29568 4582 29568 3962
28737 7999 28738 8753
27679 8444 27501 8444
22419 6060 23962 6059
22279 5646 22278 3288
22278 3288 23000 3287
24518 3191 24947 3191
25656 3192 26056 3192
22281 1453 23498 1452
26941 2301 26942 5495
25114 5496 25114 5951
22282 2029 23009 2028
24088 4678 24088 3816
26942 5495 25114 5496
26055 2710 26364 2709
24009 1171 25562 1171
26426 1450 27311 1449
24947 3191 24946 2428
22282 3280 22282 2029
26056 3192 26055 2710
26364 2709 26364 2399
26426 2399 26426 1450
23962 5952 22419 5952
25114 5951 24777 5951
23671 1447 24010 1447
24517 2428 24518 3191
23000 3279 22282 3280
22281 2000 22281 1453
25562 1171 25562 1452
26109 1625 26110 2432
24946 2428 24517 2428
25971 1452 25971 1625
25656 2432 25656 3192
26110 2432 25656 2432
25562 1452 25971 1452
23598 1544 23598 1345
24010 1447 24009 1171
24086 3816 24086 4678
22413 6095 22413 5646
20251 6096 22413 6095
21503 7936 19509 7937
22307 7973 21075 7974
16559 6073 19416 6072
19040 5957 19039 2937
17543 8644 16129 8645
19778 7953 19511 7991
19015 8640 18436 8640
18575 1451 20025 1450
20109 2736 21898 2735
20251 5526 20251 6096
15464 8458 12776 8460
21435 3568 21435 4850
20112 2728 20112 3568
21898 2735 21898 3568
18576 2937 18575 1451
20057 1456 20421 1456
20421 1190 21904 1190
21904 1190 21904 2347
21354 2347 21354 2727
21354 2727 20112 2728
20089 1664 20089 1319
21904 2347 21354 2347
20421 1456 20421 1190
19039 2937 18576 2937
21038 5526 20251 5526
21901 5655 21283 5655
19416 5957 19040 5957
21901 4850 21901 5655
20109 3568 20109 2736
21898 3568 21435 3568
20234 5969 20234 5124
21435 4850 21901 4850
21283 5655 21283 5957
21283 5957 21038 5957
21038 5957 21038 5526
19509 8457 19015 8457
22307 7069 22307 7973
16129 8645 16128 8278
12976 6075 15718 6074
16128 8278 15736 8279
15518 5650 15517 3229
15736 8179 15464 8179
15517 3229 15900 3229
16558 5233 16559 6073
15764 1431 16458 1430
15039 5968 15039 5464
14897 5650 15518 5650
