rezultat = [40.1222 9.03929;35.2151 9.36338;35.181 9.36958;35.1459 9.37362;34.9847 15.5029;33.0018 15.5952;32.8354 15.6029;32.7828 15.6054;27.7809 13.4354;27.887 16.1402;34.3114 12.5533;33.0229 12.6627;34.6787 12.5221;34.5037 12.537;34.4742 15.5026;34.4262 15.5048;40.1703 9.07868;40.3229 10.0419;34.4657 12.5977;34.3829 12.6007;35.2692 12.0907;34.6835 12.477;41.1748 10.0214;40.3945 10.0641;27.3725 16.4833;27.4245 17.042;35.2975 15.6921;35.0114 15.5719;35.1116 9.50513;35.2614 12.0697;33.0326 12.7418;33.0237 13.2218;41.0669 14.9264;37.6149 15.1791;37.3818 15.1961;37.1727 15.2114;36.9571 15.2272;36.4039 15.2677;36.0243 15.2955;33.141 15.5066;43.8551 8.49972;43.7107 8.51077;44.5716 8.44488;44.2818 8.46706;46.0493 8.3318;45.3542 8.38499;40.2375 8.85107;40.4176 9.91644;47.2822 14.4291;43.5437 14.7156;43.4296 10.8285;43.4238 12.4001;44.8532 8.53521;43.8809 8.57613;41.1433 14.1391;41.1214 14.361;41.1733 13.8918;41.1501 14.1088;41.1189 14.4;41.0752 14.8091;41.372 9.85575;40.4971 9.9112;39.3829 8.7157;39.1058 8.71356;39.9104 8.71978;39.6237 8.71757;40.1174 8.7286;40.0781 8.73064;38.8692 8.66514;38.8385 8.66313;40.1418 8.74842;40.0767 8.74416;38.8021 8.64968;38.7462 8.64508;40.1733 8.84821;40.1338 8.84012;38.8834 8.9216;38.8592 8.92306;39.4157 8.88928;39.3445 8.89361;33.114 12.708;33.1077 13.0808;37.5748 14.949;37.4248 14.9686;36.3852 15.1049;36.2041 15.1286;36.398 15.1473;36.3885 15.1479;33.0667 15.414;32.894 15.4685;37.5322 14.9195;37.5104 14.9206;37.1746 14.9377;37.0441 14.9444;38.3979 9.09705;36.6943 9.56115;38.7811 8.99265;38.5728 9.04938;42.2167 14.0432;41.394 13.9015;48.2774 13.8831;47.5719 13.9831;46.4968 14.1355;46.4256 14.1456;45.9368 14.2149;45.9069 14.2191;45.5588 14.2685;45.3912 14.2922;45.1346 14.3286;44.936 14.3567;44.6436 14.3982;43.1998 14.6028;42.4824 14.1288;42.2198 14.0697;41.3726 13.879;41.3544 13.8749;35.0336 10.4167;35.386 12.4753;36.5943 9.55442;34.9975 9.83601;38.1333 9.28301;37.9726 9.31134;47.1652 13.9956;46.9156 14.0421;44.9071 14.4159;44.7111 14.4524;34.982 9.90821;35.0422 10.3341;42.5328 14.188;43.1605 14.5643;35.3561 12.5402;34.6927 13.0647;51.9773 13.1128;48.2717 13.7473;45.898 14.5191;45.7361 14.505;44.9883 14.4402;44.9105 14.4335;38.8778 8.92037;38.8088 8.9185;42.4783 14.1626;42.5294 14.1934;39.1895 8.72952;39.0098 8.83801;33.2239 13.306;33.2534 13.7972;40.9497 14.9118;38.0564 15.4366;37.2018 15.5916;36.9989 15.6284;36.5868 15.7031;36.2951 15.7561;35.5953 15.883;35.2475 15.9461;44.0909 8.16623;44.051 8.17397;44.3691 8.11238;44.3494 8.1162;44.7913 8.03065;44.5537 8.07665;45.0236 7.98568;45.0007 7.99011;45.5228 7.88905;45.3947 7.91384;46.0035 7.796;45.8292 7.82975;46.4609 7.70744;46.3185 7.73502;52.1086 6.61417;47.1539 7.57329;44.0555 8.12767;43.9312 8.1526;44.3213 8.0744;44.1317 8.11241;44.4528 8.04806;44.4072 8.05719;44.5615 8.02625;44.5302 8.03253;45.0051 7.93736;44.8442 7.9696;45.4661 7.84495;45.1059 7.91715;45.8547 7.76708;45.6449 7.80912;46.2675 7.68434;46.1357 7.71074;47.125 7.51248;46.6912 7.59942;43.9876 14.3495;43.4373 14.4502;35.1609 11.1124;35.5683 12.4794;36.1089 15.8272;35.7303 15.9154;43.8422 8.11484;43.902 8.17274;43.5327 10.619;43.5553 11.4786;42.6829 13.9375;41.6319 13.7564;42.711 13.9812;43.3967 14.385;45.5745 9.99751;44.5019 10.2177;44.3557 10.2477;43.7397 10.3741;44.4907 10.2408;44.3598 10.2678;43.5379 10.5878;43.539 10.6034;43.6313 11.918;43.6417 12.0654;38.0904 15.1862;37.6873 15.2979;49.2955 7.11502;41.2204 8.66864;51.4947 6.69102;49.8087 6.99304;35.2898 11.0328;35.5467 12.3707;41.2453 8.76392;41.3508 9.6854;39.6997 15.5563;39.4103 15.6194;38.8154 15.7492;38.1626 15.8915;36.8025 16.1211;36.743 16.1324;38.0558 15.1454;37.5521 15.3634;35.7513 16.3518;35.4936 16.4015;39.1375 15.5099;39.0698 15.5089;37.0115 15.4762;36.8081 15.473;48.9249 9.6334;48.9811 9.92032;39.3187 15.4245;39.2249 15.4489;35.338 15.9445;35.0122 16.0084;50.8663 9.31976;49.3338 9.5831;51.7398 13.1529;44.2875 14.6211;52.6293 12.963;51.8098 13.1377;44.2074 14.6415;44.1434 14.6455;54.4326 5.90434;54.9958 8.59467;53.1142 12.861;52.7052 12.9439;45.9366 10.7892;46.0987 11.8401;49.3376 6.9659;49.0933 7.0145;49.8589 6.8622;49.5801 6.91765;50.3247 6.76954;50.2105 6.79226;50.877 6.65968;50.7077 6.69336;41.4779 9.12876;41.5603 10.0186;45.7737 10.1778;45.9029 10.7863;49.1499 9.92378;49.3505 10.8983;49.1757 7.44324;49.1143 7.45687;49.621 7.34439;49.5413 7.36208;50.1171 7.23425;49.9844 7.26372;50.6098 7.12489;50.4831 7.15301;51.0271 7.03226;50.9204 7.05594;51.617 6.9013;51.4063 6.94807;50.88 9.61806;49.4602 9.88409;54.2429 5.92646;54.0518 5.96177;52.5617 6.65808;51.6192 6.87917;52.6805 6.34988;52.2857 6.46876;53.8834 5.98776;53.6962 6.04413;54.4939 8.81099;54.5421 9.11835;54.6781 6.03611;55.235 8.71699;45.9703 8.23796;45.7911 8.27629;47.8987 7.82559;46.5887 8.10574;49.6395 7.45334;48.7732 7.6386;41.6374 8.82032;41.8197 10.1294;54.6323 5.92992;54.6499 5.98438;45.7438 10.4291;44.0351 10.7768;45.8572 10.3833;45.7394 10.407;46.0808 10.5595;46.2781 11.3832;54.7055 8.84461;54.8376 9.33174;46.0541 10.4592;46.0669 10.527;46.014 10.2456;46.0339 10.3517;54.7412 6.12099;55.3565 8.89852;55.5223 9.64706;55.641 10.183;57.0517 12.3204;54.0794 12.9968;51.8993 9.74649;49.5096 10.2071;46.1163 10.4683;46.3699 11.475;46.3177 8.34935;45.8562 8.42884;48.6115 7.95423;46.7169 8.28059;56.6128 10.5812;56.8665 11.4951;56.9717 12.1039;56.9951 12.2032;52.1938 9.74457;51.9123 9.79228;45.9138 8.49531;43.7122 8.99156;54.822 8.99872;54.9094 9.49847;56.7889 11.5696;56.8713 12.004;46.3726 8.27212;46.2355 8.29983;42.9592 9.03561;42.0085 9.28228;50.8584 10.0632;50.1094 10.1892;46.3328 10.645;46.6625 12.1675;52.9545 7.05137;52.9246 7.05859;53.1855 6.99552;53.1425 7.00591;53.5596 6.90506;53.2899 6.97028;54.7802 6.60994;53.8106 6.84438;54.9861 6.65405;55.3021 8.01164;54.9792 6.60824;55.006 6.62411;50.0504 10.2165;49.6772 10.2904;49.452 7.84824;49.2372 7.89797;50.3699 7.63574;50.2836 7.65572;55.8135 12.9796;45.5662 15.32;56.8929 12.7013;55.823 12.936;51.9622 7.57415;48.9844 8.33325;52.3685 7.47059;52.1358 7.52991;53.0694 7.29191;52.5707 7.41904;52.0835 7.50345;51.9775 7.52933;52.5283 7.39486;52.3921 7.42811;53.1641 7.23963;53.0961 7.25623;57.0236 12.6647;56.9375 12.682;52.4549 7.39791;52.3888 7.41536;53.2599 7.18533;53.1917 7.20333;57.0926 12.6252;57.0648 12.6463;52.3749 11.1352;51.9457 11.2322;53.9281 6.76306;53.2916 7.15822;54.0366 6.67499;53.9582 6.72182;52.1691 10.1655;52.3666 11.1088;46.4251 12.2062;46.4902 12.5949;56.914 12.3116;57.087 12.5695;51.6979 11.0441;49.7689 11.4583;54.5857 7.10292;54.9638 8.67664;56.7249 12.4515;54.0187 13.1812;49.6916 11.4459;49.4736 11.4511;56.2926 10.1926;56.668 12.1282;56.7602 12.1709;56.8095 12.3668;53.9563 13.15;53.5191 13.2616;55.2024 9.60161;55.3808 10.3459;45.85 10.8659;46.1379 11.9056;46.6173 15.0211;46.1383 15.1405;46.1317 11.9547;46.2079 12.2732;52.1292 10.9283;51.7202 11.0065;54.5308 9.19063;54.6334 9.63488;46.2375 15.0041;45.6784 15.1385;43.6624 15.3377;42.8342 15.1283;42.4 15.0184;42.2125 14.971;46.2116 12.3189;46.2436 12.497;55.0968 9.63877;54.6797 9.65703;45.1982 15.2737;43.812 15.624;46.1894 12.5426;44.4363 12.9899;47.8082 15.0912;47.553 15.1078;45.2307 15.2585;45.1912 15.2611;43.3701 9.46498;42.0256 9.66828;51.4244 13.423;43.8425 15.3229;43.7138 15.2814;43.7103 15.3324;51.8445 10.6812;50.0222 11.0956;56.0577 10.2468;56.353 11.3221;56.4993 11.8552;56.5731 12.1238;54.656 8.36297;54.6762 8.44036;54.9112 9.33827;55.0967 10.0476;56.0781 10.0846;56.0816 10.1603;42.8886 14.8567;43.6556 15.2497;56.0476 9.94431;56.0603 10.0124;56.3186 11.4038;56.381 11.7403;54.4645 9.34055;54.35 9.34769;54.253 8.96078;54.3097 9.22982;44.3259 12.7159;43.8344 12.9018;56.0021 12.2904;53.7414 12.8974;42.614 14.8137;41.8821 14.737;28.2703 14.0938;27.6882 14.2035;28.7265 14.0078;28.4986 14.0507;29.9196 13.7828;28.9366 13.9681;31.0611 13.5675;30.6331 13.6482;31.1791 13.5453;31.1681 13.5473;28.3098 14.0452;28.2328 14.0592;30.1412 13.7119;30.1355 13.713;31.1664 13.5254;31.1284 13.5323;31.1856 13.6148;31.3309 14.3975;35.7315 15.9988;35.6315 16.0168;34.8786 16.1529;33.6071 